================================
Entrada: input_0.txt
——————————–
Matriz A:
4.44 8.76 4.95 2.57 6.22 2.04 5.57 1.93 5.21 9.90
8.34 5.92 9.55 8.10 1.75 5.22 3.24 7.76 2.79 2.71
9.19 8.94 3.95 2.17 5.57 9.06 5.30 5.28 7.32 3.41
6.68 1.76 2.17 1.63 3.33 7.39 2.67 7.90 8.31 6.88
7.79 6.65 2.80 7.35 4.76 3.55 2.57 6.99 1.31 4.36
8.70 9.50 3.30 2.65 1.67 7.88 1.71 5.97 3.15 8.03
8.38 8.83 8.78 9.55 9.46 2.11 6.94 2.14 9.00 5.25
8.02 6.80 1.90 9.81 4.14 5.66 3.37 5.71 2.65 3.68
9.06 1.36 3.17 2.36 3.01 3.85 9.24 3.72 8.82 2.39
1.75 7.20 1.23 9.53 6.75 9.69 1.64 3.68 1.83 9.64
——————————–
Matriz B:
7.93 8.84 6.44 8.84 8.65 9.58 4.50 2.02 5.29 6.15
4.70 4.35 6.50 6.87 5.71 8.51 9.72 4.95 2.24 8.54
6.34 2.98 5.74 6.56 2.52 2.49 6.25 3.16 5.17 7.08
2.80 3.11 5.92 8.24 1.94 4.58 7.82 5.44 5.60 3.10
1.59 9.29 6.45 7.09 6.16 2.16 5.60 5.88 6.10 6.84
4.42 2.44 8.82 9.17 8.01 1.34 1.65 4.26 3.50 5.83
1.34 5.29 7.93 6.26 3.53 8.87 9.84 1.35 4.31 5.44
3.45 4.90 4.73 8.89 1.99 9.89 1.05 6.59 5.78 6.16
3.43 9.20 7.60 2.26 8.37 5.61 2.60 9.02 8.87 5.10
4.85 9.21 9.39 2.78 5.47 2.92 1.66 5.31 3.26 4.97
——————————–
Matriz C:
213.87 340.89 373.13 307.21 281.80 283.98 281.18 247.02 241.82 317.53
256.87 287.91 361.34 407.17 263.37 330.98 288.30 247.99 273.46 330.10
261.88 365.16 423.30 415.16 360.72 358.32 298.44 284.53 296.31 374.11
210.23 319.86 349.52 315.04 288.50 277.46 171.91 256.15 259.11 282.15
207.82 281.93 319.33 353.09 242.22 298.90 250.46 225.10 230.51 285.95
252.11 312.29 373.82 362.98 304.57 314.04 239.81 245.53 232.97 325.63
287.74 439.74 480.78 454.85 371.54 392.83 412.20 337.48 367.30 418.65
217.83 293.00 349.88 380.24 268.43 312.86 275.45 243.31 250.51 297.88
193.81 310.41 333.07 303.81 275.00 303.94 237.19 211.22 259.77 270.17
203.69 298.77 385.39 362.16 278.19 241.67 254.62 270.03 236.20 302.00
——————————–
Vetor V:
2305.84
3249.96
3749.56
3661.72
2934.36
3114.97
2709.56
2568.36
2647.96
3204.18
——————————–
E: 30146.46
================================
================================
Entrada: input_1.txt
——————————–
Matriz A:
9.75 5.71 8.87 4.48 4.61 9.86 4.37 4.66 6.45 9.15
9.82 8.88 8.35 7.42 1.14 6.72 3.02 2.74 5.74 1.89
6.84 9.59 1.10 6.23 2.38 5.57 8.15 3.04 9.89 1.41
7.01 9.64 6.12 5.87 4.12 9.73 5.73 7.49 4.38 2.18
6.64 4.20 1.07 5.00 1.62 1.21 1.72 3.64 2.95 6.46
4.53 8.79 6.06 4.63 5.01 7.43 9.20 3.16 9.47 9.09
3.57 6.48 8.73 8.69 2.35 2.85 8.42 7.08 9.34 2.80
8.26 5.99 6.00 8.33 9.98 6.62 8.54 1.70 9.25 1.49
7.16 3.78 9.28 3.22 7.41 4.29 9.65 6.62 6.45 9.12
5.71 9.02 5.60 4.44 7.71 6.95 6.28 6.13 4.04 5.63
——————————–
Matriz B:
7.93 2.30 1.61 3.93 9.63 1.59 9.55 8.17 2.29 8.80
8.66 8.46 2.58 7.94 1.68 8.99 2.23 1.33 5.61 7.68
9.46 1.32 6.70 5.06 4.75 4.42 2.01 1.04 9.55 5.05
5.66 7.48 6.35 6.28 1.41 5.99 6.87 9.95 4.16 8.16
8.75 2.82 6.62 1.33 9.76 7.30 9.32 1.98 7.63 4.93
8.66 7.09 5.25 5.37 2.14 9.00 8.78 3.15 9.04 8.33
7.20 4.71 5.80 3.56 9.98 6.21 8.55 6.85 6.16 2.71
5.02 4.91 4.52 1.64 5.24 4.28 7.94 4.56 5.26 5.57
8.50 3.93 2.65 3.75 8.29 3.80 2.75 7.08 5.95 1.80
5.40 3.16 5.50 1.21 5.72 5.49 6.42 4.26 2.34 2.58
——————————–
Matriz C:
520.85 296.58 314.42 274.21 391.87 377.09 434.83 317.07 393.23 388.88
438.43 271.30 240.12 274.61 288.01 308.27 326.46 279.85 323.95 357.58
417.64 287.75 222.66 253.59 318.46 315.72 332.87 299.75 302.74 308.83
478.36 318.13 283.48 281.40 327.29 373.92 399.40 287.37 378.25 386.65
242.72 160.74 147.30 135.88 199.18 178.65 228.19 194.50 155.50 201.87
515.44 319.01 314.88 278.34 397.38 400.73 406.93 317.60 393.12 345.38
452.12 286.37 287.65 262.66 342.60 330.83 344.58 314.98 358.98 317.80
522.63 304.61 312.59 281.20 420.77 379.47 434.18 343.28 400.54 374.42
504.30 268.22 328.62 238.66 442.06 361.21 435.67 314.21 388.92 335.61
469.88 294.41 291.51 252.23 353.61 371.85 398.90 269.37 365.42 352.90
——————————–
Vetor V:
4562.37
2807.13
2743.22
2532.76
3481.22
3397.75
3742.04
2937.96
3460.66
3369.90
——————————–
E: 33035.01
================================
================================
Entrada: input_2.txt
——————————–
Matriz A:
5.97 6.36 6.49 9.49 7.00 1.73 3.77 4.94 5.29 8.03
9.51 3.79 1.96 2.16 6.54 9.26 4.96 8.29 6.33 9.91
9.09 1.74 3.07 4.59 1.95 7.78 9.07 7.36 2.04 1.41
8.94 7.01 6.77 5.42 6.50 3.77 6.15 9.27 7.70 1.44
7.31 7.21 4.23 8.27 8.37 9.77 7.53 3.33 8.06 3.86
3.24 7.14 4.60 5.30 1.73 5.55 3.08 9.80 2.91 4.13
1.22 1.85 1.14 6.99 6.27 6.64 9.76 2.42 5.91 7.46
2.86 3.22 4.67 6.09 1.49 3.04 5.86 8.01 5.37 3.91
1.88 7.60 1.05 5.48 2.91 1.78 1.03 4.99 1.59 2.94
8.12 1.81 3.79 8.26 7.79 9.06 4.90 7.55 1.48 9.81
——————————–
Matriz B:
5.01 3.34 3.03 8.68 8.43 3.51 1.72 4.28 1.53 6.08
7.19 2.40 3.69 7.25 6.88 5.59 8.03 6.91 9.58 8.62
8.85 7.70 9.42 2.63 5.96 7.22 1.69 9.86 4.77 2.17
9.66 8.78 4.51 2.69 7.46 2.93 5.20 8.18 6.22 5.73
4.27 3.41 7.13 6.95 9.66 4.02 2.55 7.69 9.92 2.13
6.31 8.77 8.83 5.73 1.40 4.79 2.95 2.09 4.64 6.72
3.26 4.31 5.51 6.76 6.00 2.97 8.69 1.20 1.15 4.91
5.93 4.41 7.32 3.06 1.37 6.98 6.08 2.91 4.67 6.00
4.04 9.97 4.77 2.87 5.71 5.17 6.66 7.66 6.26 1.30
4.38 8.52 4.61 8.89 5.28 9.60 1.85 3.98 9.80 2.00
——————————–
Matriz C:
363.68 366.73 329.86 326.26 375.59 317.71 257.49 359.94 376.73 257.21
333.77 383.91 363.29 384.67 339.77 346.15 259.33 291.54 362.65 285.42
274.61 277.26 286.27 272.29 254.46 224.75 226.35 203.54 200.60 253.83
371.44 358.05 365.92 332.42 373.61 316.12 302.74 354.72 341.49 298.41
396.94 421.51 393.95 381.79 408.81 325.51 317.29 371.08 392.73 321.79
299.89 285.18 286.37 245.94 238.20 265.81 232.40 247.76 279.18 248.54
268.42 333.50 290.20 284.09 286.83 248.40 243.49 242.23 294.14 208.91
268.61 285.88 264.03 218.90 235.62 238.76 225.73 235.20 240.35 205.41
202.20 173.60 168.15 172.28 183.50 167.28 162.52 181.48 215.16 171.73
367.15 391.94 374.33 369.53 353.04 333.98 240.94 309.27 364.83 288.90
——————————–
Vetor V:
3146.70
3277.56
3122.37
2988.18
3049.43
2784.46
2468.27
2796.76
3067.86
2540.16
——————————–
E: 29241.76
================================
================================
Entrada: input_3.txt
——————————–
Matriz A:
7.89 5.73 5.42 5.21 7.79 5.79 2.18 3.86 7.70 5.85
8.87 1.74 5.82 3.64 3.61 1.53 7.81 9.27 8.19 4.07
9.57 2.57 2.59 4.18 1.46 6.87 3.78 2.31 9.84 3.58
3.31 7.73 8.31 7.73 2.94 6.10 3.52 4.12 8.96 1.22
8.97 7.83 1.96 4.79 1.46 4.57 5.32 8.27 3.84 3.51
2.34 3.42 5.08 3.93 6.60 5.54 9.80 9.38 6.85 9.64
2.97 9.17 7.37 1.28 6.90 9.31 6.38 9.42 3.43 5.34
9.64 2.40 3.17 1.60 6.20 3.63 5.17 1.52 1.91 8.01
4.03 3.25 1.43 8.12 6.18 7.03 3.66 5.98 6.41 9.51
5.62 8.38 8.67 3.00 8.65 5.57 2.31 5.03 4.99 4.74
——————————–
Matriz B:
9.37 4.63 6.14 2.54 5.23 2.34 5.17 9.40 2.86 6.08
7.41 5.89 8.32 7.84 4.01 4.50 4.87 6.66 9.48 1.28
6.17 5.10 8.66 4.85 7.10 7.32 9.42 8.41 2.34 4.41
3.15 1.71 8.04 8.29 3.25 3.27 9.63 7.42 2.66 2.48
3.50 9.07 7.37 1.82 6.92 1.38 5.33 1.79 7.04 4.81
2.08 3.21 8.91 9.74 7.06 6.01 7.05 6.48 4.42 8.40
9.89 6.57 9.11 7.93 4.86 2.36 1.20 4.49 8.78 2.86
5.97 2.28 1.93 3.35 3.11 7.85 3.72 7.43 8.64 9.77
2.24 9.72 2.98 1.15 9.46 9.04 6.16 6.51 5.52 9.59
4.91 5.41 6.16 4.02 3.34 1.02 5.39 3.54 4.51 4.17
——————————–
Matriz C:
296.13 325.69 380.24 267.60 329.42 257.53 348.20 357.34 305.24 320.42
330.11 298.95 327.36 234.81 300.16 266.66 290.48 358.97 309.57 329.48
248.06 260.21 298.42 224.66 281.53 229.55 275.90 317.87 233.17 290.67
272.36 288.91 369.00 295.08 314.60 292.25 347.47 363.69 291.88 292.55
311.69 243.87 324.68 268.97 249.79 231.48 268.82 343.47 302.88 277.97
341.21 345.76 403.59 311.71 333.38 281.82 329.50 356.78 380.78 354.60
342.04 325.63 421.87 336.59 332.85 297.28 336.79 373.02 386.22 342.31
265.77 244.89 302.58 199.07 230.96 141.74 232.23 255.05 226.88 221.30
265.45 289.03 360.20 284.34 291.84 235.08 328.21 324.68 303.94 313.90
306.89 321.85 391.63 276.85 323.39 264.43 343.57 352.40 321.96 302.33
——————————–
Vetor V:
2979.70
2944.80
3579.57
2699.71
2987.92
2497.82
3101.18
3403.27
3062.52
3045.53
——————————–
E: 30302.01
================================
================================
Entrada: input_4.txt
——————————–
Matriz A:
5.40 9.48 5.45 6.33 2.83 7.56 4.19 5.55 4.99 2.83
5.32 6.23 2.55 7.30 6.38 2.01 6.35 2.54 7.52 1.87
2.13 2.43 6.28 7.28 5.46 8.62 7.30 9.84 2.16 1.81
4.02 6.56 1.30 8.47 2.90 3.12 6.03 6.08 7.68 1.02
7.91 3.00 6.25 9.46 9.30 2.63 1.47 5.64 4.17 8.00
6.51 5.30 9.43 2.79 2.58 4.89 1.42 8.89 4.73 2.58
9.70 7.75 8.14 10.00 6.22 1.04 3.12 2.25 6.12 9.80
2.27 4.03 2.79 7.52 3.49 2.09 9.15 3.97 6.73 3.32
1.96 3.25 7.62 1.39 5.04 9.20 5.28 5.45 8.09 9.01
7.03 7.79 6.76 5.17 7.79 2.97 5.21 9.91 4.22 1.33
——————————–
Matriz B:
9.70 5.48 4.36 2.50 3.00 6.86 3.59 2.15 9.83 9.32
4.47 1.79 2.57 2.09 2.18 6.60 1.29 6.46 2.06 8.37
5.47 8.09 6.16 2.22 3.26 3.95 4.19 7.48 3.86 7.41
7.81 3.56 2.89 2.17 5.06 4.89 8.03 7.64 6.04 7.86
6.96 9.51 8.65 8.53 1.59 9.82 5.13 1.88 6.28 6.19
9.25 1.75 4.28 5.42 2.97 6.55 8.37 6.17 4.02 2.22
3.58 1.83 4.79 5.47 3.00 8.84 9.36 1.04 6.49 5.40
7.89 3.45 4.91 6.54 1.98 5.51 6.36 6.12 6.38 2.65
2.31 5.64 3.39 5.59 1.05 5.37 2.13 8.42 1.53 5.16
9.64 4.11 5.99 4.43 8.58 7.99 3.27 7.94 8.03 8.76
——————————–
Matriz C:
361.23 219.92 237.80 223.91 166.70 346.43 277.47 316.75 273.01 341.99
291.58 221.60 219.38 214.81 138.93 324.65 243.71 251.24 251.15 318.16
366.68 226.68 260.82 257.81 162.46 345.94 337.14 286.69 291.09 289.38
287.76 187.00 196.19 206.87 134.28 302.54 252.15 266.40 237.83 290.70
423.78 304.55 296.53 257.71 209.71 383.95 288.81 323.80 350.32 397.39
334.42 235.03 233.34 206.63 143.53 295.45 234.63 291.30 257.91 301.90
441.80 317.72 304.95 248.32 240.43 417.78 288.44 372.67 369.04 475.24
269.28 187.89 204.33 206.05 145.36 303.35 256.91 245.53 238.79 284.65
373.70 258.31 284.27 274.14 192.61 373.68 287.95 337.57 286.17 328.11
381.47 277.83 283.24 265.42 158.57 381.52 295.08 300.63 317.51 364.08
——————————–
Vetor V:
3531.70
2436.52
2520.85
2361.67
1692.58
3475.30
2762.30
2992.60
2872.82
3391.59
——————————–
E: 28037.92
================================
================================
Entrada: input_5.txt
——————————–
Matriz A:
3.35 5.92 2.21 7.26 2.46 3.19 2.77 7.83 8.31 8.15
9.47 9.62 3.79 2.87 5.21 3.84 7.23 6.34 2.26 7.77
1.50 1.90 1.88 6.48 5.33 9.46 4.47 7.60 7.40 2.50
6.36 9.75 7.43 7.58 7.01 8.89 9.77 8.77 6.72 8.08
6.92 6.19 7.70 9.71 8.06 2.91 3.55 5.29 8.25 4.81
3.06 8.74 5.71 3.94 5.23 1.04 3.40 8.70 7.65 9.80
1.20 4.01 9.55 7.63 1.59 6.56 6.51 1.36 5.33 3.23
8.44 2.26 8.42 6.14 1.97 6.48 8.05 4.52 1.77 6.30
8.33 3.83 5.04 4.04 6.76 9.27 4.08 9.16 7.97 1.73
8.96 8.17 4.74 8.51 5.79 5.33 5.06 2.31 5.69 9.40
——————————–
Matriz B:
4.54 4.14 1.65 2.96 9.28 2.62 8.44 7.34 6.14 9.20
3.63 4.46 3.03 7.68 7.50 8.79 6.95 1.59 7.95 4.91
2.32 6.91 3.08 6.06 5.42 7.87 1.39 9.48 9.18 6.09
8.88 3.72 9.23 9.53 5.68 8.51 2.15 4.12 5.84 7.29
3.32 8.48 1.75 5.35 6.16 8.25 4.14 3.10 8.84 2.09
7.02 1.16 8.00 9.10 6.22 3.42 6.97 6.61 2.90 6.15
2.70 1.78 8.87 1.92 1.31 4.55 9.43 2.46 7.67 5.28
8.75 9.98 3.76 9.50 5.33 8.92 7.75 8.47 2.02 6.59
9.56 8.04 6.74 7.57 7.13 2.96 9.99 4.10 8.57 2.89
9.25 1.27 3.67 8.12 2.19 3.98 2.67 1.63 5.45 9.34
——————————–
Matriz C:
367.68 267.35 267.04 388.94 286.16 310.68 312.10 234.07 314.01 317.39
324.92 271.79 254.49 369.36 329.25 346.80 367.20 267.51 373.35 371.92
332.15 254.43 286.12 363.88 271.44 286.88 312.07 247.39 280.65 269.56
476.60 388.32 410.85 547.92 439.10 488.31 487.86 383.38 511.06 480.48
384.40 348.86 305.53 435.40 377.48 399.12 356.39 313.06 433.61 368.85
367.61 318.15 253.35 412.44 312.79 364.74 333.95 259.20 375.57 340.81
271.55 210.44 279.87 325.13 247.76 284.42 253.78 240.10 320.52 277.09
309.09 231.94 282.12 344.34 289.28 306.17 310.61 295.21 339.53 365.00
370.17 334.46 294.85 412.87 370.37 347.76 398.92 337.01 365.63 347.82
388.76 282.97 311.87 429.63 367.37 368.89 365.97 282.60 423.29 404.51
——————————–
Vetor V:
3592.93
2908.70
2946.10
4029.93
3291.00
3503.76
3498.84
2859.52
3737.21
3543.45
——————————–
E: 33911.43
================================
================================
Entrada: input_6.txt
——————————–
Matriz A:
5.90 4.19 9.33 8.66 3.69 4.66 7.58 1.44 3.13 8.60
7.03 2.69 6.63 3.78 9.25 3.76 5.74 9.24 6.87 4.30
2.13 6.12 4.57 4.81 4.24 5.76 7.79 5.92 6.39 3.24
5.26 2.29 6.43 4.58 9.95 9.12 8.24 7.53 9.57 1.36
6.13 6.60 3.05 2.76 9.37 2.31 5.52 5.11 1.55 2.39
8.41 2.68 7.51 2.98 6.49 1.75 7.75 4.28 6.66 4.13
6.52 1.92 5.42 2.95 5.50 5.38 2.07 3.74 2.91 1.64
4.11 8.04 7.24 6.16 9.80 6.61 7.46 5.32 1.72 8.01
6.71 9.13 9.70 4.22 2.12 6.19 4.97 8.86 9.47 1.63
2.99 5.99 2.55 7.42 7.94 7.05 2.80 9.01 9.80 4.70
——————————–
Matriz B:
9.65 3.90 2.74 6.89 9.06 2.53 3.51 6.52 6.85 4.23
4.53 3.56 3.36 4.23 6.78 4.48 9.42 1.75 3.34 8.88
2.38 5.33 4.87 3.93 2.75 2.81 9.98 4.55 1.82 9.78
8.25 1.47 3.68 9.99 7.37 2.73 2.52 9.87 8.26 8.37
4.10 2.79 1.94 6.46 6.02 7.72 9.93 5.44 8.46 3.27
4.32 9.84 7.61 8.19 3.76 9.36 1.00 3.74 3.91 1.82
3.52 2.16 2.29 6.20 2.15 8.66 7.93 3.67 8.53 6.19
2.04 2.63 7.98 2.98 8.08 4.00 9.70 8.02 8.44 8.16
1.29 2.76 8.00 7.90 9.95 1.76 7.26 9.95 4.51 1.17
1.77 7.03 2.32 3.07 3.23 3.47 1.73 1.16 6.14 9.25
——————————–
Matriz C:
253.71 245.79 224.01 345.97 297.93 262.42 328.10 291.72 336.09 388.33
236.69 226.58 272.87 344.78 367.09 279.07 413.78 350.92 377.72 345.94
194.58 202.84 242.13 307.51 294.62 259.06 341.91 280.88 306.60 306.63
253.53 260.75 317.66 409.23 386.98 339.36 433.89 388.43 398.40 329.17
203.56 163.03 171.10 258.20 270.41 234.40 325.16 231.68 292.56 272.10
221.84 197.49 220.26 310.92 313.48 239.29 361.89 298.78 324.22 311.06
176.22 167.64 174.85 235.41 231.00 184.90 239.15 218.14 225.29 212.01
266.38 275.84 257.40 370.05 342.92 337.81 418.97 309.09 393.29 420.92
250.11 255.03 324.68 366.56 398.27 271.76 441.16 365.61 341.00 387.06
235.48 238.84 304.71 375.18 395.22 282.95 385.84 369.87 374.14 337.47
——————————–
Vetor V:
2292.09
2233.84
2509.67
3323.80
3297.92
2691.02
3689.86
3105.12
3369.31
3310.69
——————————–
E: 29823.32
================================
================================
Entrada: input_7.txt
——————————–
Matriz A:
6.34 7.18 1.88 4.32 9.16 8.96 7.32 8.86 6.98 5.76
7.02 7.27 7.52 5.02 5.17 7.47 5.78 2.42 7.43 9.29
2.59 8.20 6.32 3.91 1.27 8.54 6.38 2.00 8.70 2.52
1.25 5.04 8.70 2.13 8.37 7.86 1.09 5.69 6.72 7.07
1.45 3.74 4.34 7.97 7.76 8.51 5.45 3.54 9.93 2.87
2.83 2.52 1.08 8.14 5.43 1.35 6.68 1.82 2.34 5.38
3.34 2.59 9.42 2.04 3.72 7.79 8.90 3.82 3.48 5.62
9.89 3.93 8.36 4.23 1.90 6.12 2.74 6.34 8.66 2.67
8.22 1.49 4.19 8.29 8.63 8.63 8.64 5.31 9.44 9.98
9.69 2.78 2.57 9.11 3.82 5.29 6.90 2.73 8.11 9.38
——————————–
Matriz B:
7.35 7.99 3.30 5.71 2.22 4.20 1.84 3.96 9.54 9.50
5.63 7.76 9.98 8.82 6.05 8.61 7.44 4.68 3.92 6.89
4.66 3.61 8.67 6.23 2.72 2.49 1.52 8.62 4.22 8.63
7.99 1.57 6.62 1.29 6.28 7.84 4.49 7.12 1.80 4.03
6.61 6.43 1.79 6.60 5.25 6.84 5.20 2.69 1.52 8.12
8.58 5.19 1.73 7.25 1.42 3.44 8.74 1.94 2.06 2.96
9.56 9.05 3.52 6.18 9.34 8.81 4.03 3.83 5.93 4.83
6.87 2.54 1.26 7.66 8.14 5.51 4.49 3.34 7.20 5.02
1.46 5.77 9.20 2.19 3.02 9.62 4.63 1.76 1.55 5.69
3.71 1.12 4.74 6.24 6.30 4.08 5.05 9.33 6.91 9.97
——————————–
Matriz C:
430.13 360.82 297.82 406.56 348.43 424.43 343.97 271.35 294.54 421.21
383.14 331.28 352.11 374.31 303.95 384.86 308.62 320.76 286.90 440.96
304.35 281.61 305.07 291.35 233.92 327.14 261.88 220.87 193.22 302.48
303.44 249.47 278.88 329.92 246.74 305.74 271.56 257.43 207.85 364.05
341.50 281.68 289.72 291.95 268.31 368.69 285.93 231.74 183.51 326.53
252.28 185.37 182.63 195.16 224.18 255.22 175.28 193.47 160.64 242.81
328.01 264.97 246.98 311.22 252.25 283.88 233.83 251.60 231.65 330.35
324.94 284.18 296.29 306.71 233.87 316.68 235.59 248.54 261.91 364.73
455.54 362.99 334.84 393.42 363.59 448.40 342.87 335.18 320.82 475.15
373.64 301.27 305.10 311.02 300.35 378.90 274.40 296.27 285.25 403.47
——————————–
Vetor V:
3496.97
2903.63
2889.44
3211.63
2775.59
3493.94
2733.94
2627.21
2426.28
3671.74
——————————–
E: 30230.37
================================
================================
Entrada: input_8.txt
——————————–
Matriz A:
4.16 3.77 2.51 4.41 1.43 9.65 8.92 4.92 2.99 6.12
8.94 3.45 1.89 8.14 4.64 3.91 7.76 8.27 4.67 8.31
3.96 7.39 8.43 7.69 3.63 4.73 1.77 7.67 4.06 7.68
7.64 7.22 1.45 9.16 1.64 1.88 8.81 9.55 5.80 1.80
5.67 4.74 4.25 6.56 2.88 7.89 9.47 9.64 6.16 4.14
7.95 9.12 1.53 6.38 6.81 4.16 1.12 7.58 1.83 4.18
5.25 8.47 1.40 5.70 7.63 2.04 6.58 6.44 1.59 2.38
7.24 6.26 6.12 1.50 2.82 8.00 8.39 2.30 7.63 4.55
5.44 5.58 3.67 5.97 1.96 9.49 9.13 2.08 7.06 9.95
5.26 2.32 8.42 5.66 7.02 6.05 6.70 3.60 2.49 7.29
——————————–
Matriz B:
4.98 8.73 3.55 1.10 9.23 5.37 8.10 7.62 6.67 5.74
2.17 2.11 1.32 4.85 7.08 2.28 4.33 6.20 3.36 1.40
6.16 7.62 2.72 4.58 3.29 8.74 9.63 8.98 2.34 2.12
6.27 6.33 9.85 8.82 6.43 9.08 4.20 4.53 6.70 9.87
9.27 7.88 1.98 9.59 2.73 8.06 1.87 6.06 4.26 4.23
6.46 9.42 1.86 8.18 4.00 4.15 6.92 3.63 3.13 8.26
4.75 8.40 4.58 4.60 7.22 1.01 3.69 1.42 4.54 9.39
1.29 3.81 7.27 2.26 3.40 8.99 9.32 4.27 5.05 3.58
7.50 1.51 3.00 8.36 8.69 5.99 2.51 5.60 8.62 4.64
3.86 3.37 3.04 7.45 6.97 9.26 7.46 9.66 9.69 2.01
——————————–
Matriz C:
242.37 312.30 194.99 288.64 293.98 272.31 294.09 250.82 262.55 291.31
297.59 356.40 273.01 338.84 376.46 387.04 354.90 338.43 359.96 333.26
278.50 312.34 237.87 336.77 322.55 396.68 362.57 357.89 308.95 259.63
252.04 306.81 270.22 285.97 356.33 320.52 311.16 277.42 308.52 317.36
303.10 369.96 267.46 346.40 365.01 365.38 366.05 315.67 329.50 350.63
243.77 288.68 206.92 284.32 298.13 325.88 297.49 300.72 271.67 242.33
233.47 280.02 197.63 269.25 278.48 277.56 251.05 253.29 242.99 247.35
292.17 336.22 177.72 313.54 347.04 293.18 317.11 310.28 290.31 287.67
316.12 358.67 225.36 378.78 387.18 345.75 343.00 339.88 350.90 338.36
306.03 361.44 212.03 336.42 305.50 361.76 331.41 329.47 290.05 288.83
——————————–
Vetor V:
2765.17
3282.83
2263.21
3178.92
3330.66
3346.06
3228.84
3073.86
3015.40
2956.72
——————————–
E: 30441.67
================================
================================
Entrada: input_9.txt
——————————–
Matriz A:
9.05 9.97 4.82 6.32 2.24 7.21 5.31 1.56 1.48 9.36
4.14 7.98 9.87 6.14 6.35 8.56 2.13 7.85 4.16 9.75
2.49 7.02 3.12 4.53 4.47 9.09 3.79 1.93 8.75 3.48
2.94 7.80 3.45 6.75 4.11 4.69 3.97 8.42 5.25 4.45
7.78 8.39 2.43 7.65 4.52 7.78 6.21 5.65 5.63 9.37
5.40 7.12 6.40 7.51 1.65 9.87 6.60 4.44 1.80 5.35
6.92 3.74 3.14 9.37 9.49 6.26 4.06 3.46 4.68 8.31
6.91 2.46 6.69 8.34 9.11 1.21 6.12 5.32 5.86 1.75
4.69 1.26 7.87 1.08 7.77 8.52 9.95 4.37 2.96 1.75
8.71 8.88 4.49 1.86 8.25 3.98 7.11 2.31 6.44 1.79
——————————–
Matriz B:
9.62 3.34 3.25 6.31 1.68 2.35 6.52 6.80 6.67 2.38
7.55 1.35 2.64 5.42 1.44 9.40 3.94 1.39 3.77 5.90
2.14 2.48 4.78 5.63 3.34 3.03 8.60 9.46 4.34 5.04
1.25 3.95 7.38 3.49 9.26 8.07 4.85 5.78 4.87 1.51
7.17 2.42 1.87 8.80 6.83 2.31 8.21 9.77 2.69 1.98
5.67 3.84 3.46 9.45 8.46 5.80 2.48 7.07 5.26 5.82
2.11 5.51 8.77 8.49 8.00 8.03 6.56 2.85 3.82 1.42
3.36 9.98 2.84 4.23 8.79 8.67 5.53 7.00 8.44 7.23
7.97 4.11 1.06 1.44 3.56 8.53 6.24 5.04 5.59 1.50
9.86 6.70 6.01 8.63 5.19 4.01 6.66 1.75 5.86 9.48
——————————–
Matriz C:
358.02 227.33 263.37 382.77 290.52 333.91 321.70 280.28 290.17 270.37
383.10 294.07 272.49 424.57 375.51 388.26 394.73 389.71 347.32 336.79
291.42 188.57 183.69 295.35 270.59 316.66 265.25 264.83 238.59 197.11
281.44 240.82 211.41 299.58 305.51 349.36 292.69 280.30 274.24 232.61
398.82 290.89 283.67 413.83 368.81 406.26 367.70 332.96 342.19 292.99
292.52 239.00 264.15 366.28 331.02 348.97 307.46 304.79 287.66 254.06
356.21 251.78 256.27 384.54 354.72 330.62 356.06 347.01 297.54 240.31
276.72 225.25 229.21 313.31 312.85 307.27 348.31 346.74 267.18 174.88
253.37 215.00 221.49 355.72 308.76 272.84 312.95 327.41 242.86 191.62
336.23 195.50 202.64 339.93 259.06 313.93 328.54 305.56 256.39 191.49
——————————–
Vetor V:
3227.83
2368.21
2388.38
3575.88
3177.35
3368.08
3295.38
3179.60
2844.14
2382.23
——————————–
E: 29807.08
================================
