================================
Entrada: input_0.txt
Matriz A:
9.26 1.55 4.44 5.90 9.07 4.93 9.51 2.81 1.89 3.83 
2.06 5.47 2.14 8.63 1.56 4.58 2.37 5.60 9.88 9.74 
9.83 4.06 2.94 1.37 3.29 5.18 4.73 2.96 5.79 1.23 
9.99 5.06 1.78 4.43 9.96 9.84 8.36 9.46 2.65 9.25 
3.29 3.71 4.72 4.43 2.34 5.29 8.01 3.71 9.89 7.90 
3.45 9.72 1.95 5.39 1.09 4.24 9.57 4.81 6.20 5.37 
5.04 6.19 9.43 5.82 9.63 9.38 5.66 7.98 8.84 7.31 
7.24 2.14 1.03 1.96 5.57 2.37 6.25 3.58 5.08 6.13 
1.47 7.54 5.85 2.43 2.93 5.94 5.67 2.50 9.75 1.87 
6.87 4.79 7.06 6.29 9.61 6.69 5.67 5.27 4.67 4.52 
Matriz B:
2.58 1.91 5.65 2.61 2.87 1.22 3.98 8.11 3.80 8.07 
4.25 4.27 5.60 9.10 5.70 7.53 5.03 1.36 9.04 4.78 
2.23 5.90 8.57 8.29 2.19 8.18 4.98 6.87 3.45 8.66 
1.38 5.04 9.56 6.04 6.65 2.43 6.26 9.63 9.55 9.05 
7.70 3.79 3.33 3.30 2.89 8.03 9.84 6.92 8.39 8.87 
1.70 9.62 4.78 9.27 7.92 5.97 7.45 2.90 2.84 9.90 
1.56 3.22 4.94 1.12 8.26 1.59 2.55 4.52 1.22 2.10 
3.57 7.92 4.89 5.90 1.23 6.78 3.92 1.06 3.70 2.31 
8.94 4.40 1.94 3.71 3.67 8.85 8.68 1.12 1.75 1.52 
1.02 2.31 3.74 4.96 2.43 2.00 5.54 3.98 5.51 5.76 
Matriz C:
172.41 232.08 287.93 239.59 247.88 234.45 302.56 304.91 257.37 354.64 
186.99 251.34 264.89 293.28 226.34 270.70 317.58 212.51 267.74 287.62 
156.17 189.65 205.96 204.47 184.39 208.58 234.46 192.32 173.23 249.71 
230.72 340.80 349.88 358.61 310.48 333.72 405.77 327.85 344.47 442.79 
190.12 249.00 261.69 271.73 245.26 272.91 310.01 221.01 223.62 284.31 
170.61 240.28 268.97 277.81 262.92 253.95 275.21 203.01 250.28 263.18 
282.27 384.97 387.97 424.02 318.00 433.32 462.17 337.00 362.84 468.74 
153.89 167.82 191.49 176.47 172.70 188.44 237.47 195.13 186.13 232.61 
191.74 235.29 228.19 266.91 221.92 287.31 280.45 169.91 202.12 248.62 
221.90 298.70 330.00 328.96 266.51 329.71 371.07 311.64 312.96 405.09 
Vetor V:
1956.82
2589.93
2776.97
2841.84
2456.39
2813.10
3196.76
2475.29
2580.76
3237.30
E: 26925.14
================================
================================
Entrada: input_1.txt
Matriz A:
5.08 8.08 3.69 8.98 3.98 3.91 5.76 6.90 3.98 8.46 
8.21 2.91 2.86 9.15 5.62 5.53 8.00 4.31 5.64 8.76 
4.82 5.66 1.07 7.56 9.62 2.50 8.55 5.17 5.48 4.06 
9.93 9.57 2.14 3.62 8.54 5.12 6.53 4.30 2.02 9.50 
2.76 9.24 2.42 4.62 8.39 7.04 9.14 6.39 1.34 4.79 
5.15 5.17 9.45 5.22 2.72 9.07 6.72 1.28 4.24 2.20 
4.34 4.17 1.77 5.49 6.79 9.31 9.61 3.32 3.62 1.63 
2.82 5.38 9.87 4.24 9.00 8.26 1.28 8.14 4.66 1.62 
2.93 8.81 5.79 2.38 4.03 7.51 1.45 9.75 7.79 4.69 
1.95 2.13 7.87 2.72 6.62 4.65 2.04 6.23 6.97 4.65 
Matriz B:
6.86 8.79 9.03 6.73 3.03 8.03 5.00 3.30 6.17 8.65 
3.92 8.09 7.46 8.71 9.47 1.49 6.22 9.92 1.24 4.01 
4.61 2.20 5.15 2.48 3.92 1.77 6.13 4.96 6.99 3.10 
8.61 3.86 1.90 7.65 9.59 3.92 5.67 4.58 6.23 1.84 
3.24 9.15 8.93 9.70 7.86 8.40 1.19 4.08 8.32 1.43 
7.10 2.93 2.63 2.24 4.41 5.55 3.01 9.54 9.51 9.00 
2.65 8.12 2.86 3.54 5.76 2.45 6.47 1.44 6.03 2.69 
2.28 8.27 1.84 1.20 7.97 8.70 8.60 8.15 2.79 6.92 
8.58 8.89 8.85 1.21 1.13 3.26 5.75 3.14 2.80 5.26 
2.15 4.45 3.38 4.00 6.99 8.14 5.45 3.46 8.58 1.49 
Matriz C:
284.84 377.54 281.03 297.10 392.82 305.68 331.30 316.19 331.11 241.97 
315.42 394.67 303.02 299.95 367.99 335.88 320.89 282.40 381.83 260.26 
264.39 394.01 294.29 300.48 356.56 290.19 281.12 260.79 311.31 211.52 
275.55 425.35 345.26 346.21 394.10 349.45 311.01 322.25 368.93 267.96 
243.84 379.86 274.48 298.36 385.22 289.22 291.38 321.35 328.73 235.28 
279.15 292.13 258.34 229.02 282.12 218.76 266.83 277.72 320.49 242.21 
257.25 331.30 246.10 247.54 303.95 251.92 246.15 264.04 314.89 233.65 
275.66 339.29 291.93 254.97 334.85 288.53 281.59 334.99 330.29 258.27 
271.19 360.36 289.14 229.95 330.27 283.71 309.42 347.01 287.25 275.69 
225.30 287.13 245.24 188.36 257.34 244.61 240.74 242.11 275.03 198.32 
Vetor V:
2692.60
3581.63
2828.84
2691.94
3405.23
2857.96
2880.42
2968.84
3249.85
2425.12
E: 29582.43
================================
================================
Entrada: input_2.txt
Matriz A:
5.15 9.85 8.76 5.99 1.06 6.72 4.70 8.66 4.87 6.49 
5.58 3.46 5.37 4.43 3.66 5.51 6.69 8.42 7.65 8.49 
3.68 8.79 2.94 6.05 2.80 8.93 4.19 7.25 2.38 2.77 
7.74 6.53 2.63 6.49 2.52 2.68 3.22 6.21 1.34 7.09 
2.70 5.92 9.54 7.07 9.35 3.21 2.58 6.04 1.62 9.22 
4.53 4.30 8.02 6.46 9.35 9.81 5.39 3.54 7.06 6.77 
5.32 4.80 3.30 6.94 1.30 4.82 8.62 3.51 1.04 8.97 
9.60 2.74 4.89 9.15 8.81 4.24 2.35 1.39 9.28 2.98 
9.61 3.81 6.27 7.63 9.27 5.62 7.44 4.66 8.17 4.51 
1.43 3.49 8.31 3.74 9.43 8.60 7.56 8.05 2.12 7.59 
Matriz B:
7.02 1.72 9.33 1.91 9.86 8.14 5.15 2.21 8.53 4.43 
4.19 8.14 7.23 9.46 5.77 6.50 5.09 3.21 1.16 3.26 
6.71 1.59 5.74 5.02 4.33 5.17 3.63 1.89 3.22 4.74 
8.48 9.24 5.46 7.81 1.15 5.32 5.95 5.30 6.54 4.48 
8.72 9.73 2.62 5.96 9.19 7.39 2.46 4.28 9.59 2.62 
6.54 6.31 3.21 2.28 1.33 6.54 6.45 3.96 7.43 8.67 
7.70 5.91 7.91 3.16 3.73 8.06 7.48 8.68 3.36 4.02 
3.16 2.08 3.74 4.78 7.04 2.93 2.17 8.49 6.21 1.76 
1.11 2.75 7.07 3.32 4.03 7.40 8.86 9.48 1.36 6.30 
8.15 8.06 2.21 6.06 1.22 4.94 4.13 7.70 3.62 6.48 
Matriz C:
362.05 322.52 344.94 327.16 277.15 366.24 313.95 332.91 282.52 291.19 
351.02 304.13 316.62 277.56 269.71 359.47 307.90 362.00 289.82 283.58 
296.90 290.76 267.00 261.82 223.94 299.88 254.45 263.13 256.19 233.30 
297.57 264.82 259.00 248.85 229.35 278.81 223.46 246.80 245.46 205.21 
386.14 351.14 270.98 325.59 270.34 333.51 249.28 293.23 302.13 251.43 
419.80 381.31 331.40 316.56 292.34 413.41 337.55 347.97 348.46 326.84 
333.04 294.06 268.54 246.90 192.78 301.39 257.74 278.39 239.89 236.65 
350.90 309.93 320.08 265.38 288.35 369.16 299.72 285.37 316.58 265.14 
425.63 366.15 381.19 313.77 344.31 437.62 352.87 364.01 368.51 310.71 
398.47 353.09 280.68 297.89 275.29 360.82 280.36 336.81 327.55 280.22 
Vetor V:
3621.53
3237.92
3040.44
2881.46
2663.57
3520.29
2877.29
3110.62
2977.10
2684.30
E: 30614.52
================================
================================
Entrada: input_3.txt
Matriz A:
1.72 5.78 7.56 4.46 9.56 4.60 6.39 1.73 3.09 2.60 
2.49 3.20 4.34 8.56 5.52 7.37 5.96 4.39 6.85 6.32 
9.68 5.00 4.38 1.89 1.07 4.60 5.83 4.19 2.30 8.45 
9.68 3.01 4.23 7.24 6.47 3.79 1.84 2.86 4.52 3.93 
4.46 6.00 6.14 7.80 4.56 1.66 5.17 9.51 5.05 2.02 
5.83 4.73 6.02 9.21 5.63 6.09 3.81 1.46 9.28 5.11 
8.90 8.96 7.12 3.13 6.20 3.59 5.92 7.04 5.45 9.44 
9.97 8.90 5.44 6.11 6.70 9.00 6.77 1.87 8.51 1.82 
2.89 4.34 5.55 7.92 3.55 1.18 4.01 6.36 1.63 3.29 
1.46 9.54 2.25 7.58 2.67 7.45 1.17 7.59 4.49 5.62 
Matriz B:
7.03 4.46 4.53 2.47 9.56 1.23 1.47 6.33 2.10 8.98 
7.15 4.00 3.33 2.70 1.92 5.88 2.88 4.92 2.23 3.51 
7.21 2.69 3.05 8.46 9.28 4.72 5.91 9.45 2.31 9.40 
5.07 8.35 3.85 8.60 9.82 3.42 8.83 1.29 8.75 9.94 
9.27 5.90 3.93 2.60 7.60 4.85 7.47 9.47 8.77 8.71 
2.98 5.99 1.40 5.03 4.45 9.68 8.75 9.36 9.13 1.06 
8.76 4.20 8.41 2.61 2.80 8.23 5.03 1.63 8.52 3.77 
1.57 7.79 8.67 4.50 9.39 6.27 8.35 6.86 5.74 7.12 
5.57 7.72 3.10 5.97 2.75 6.55 5.64 1.50 5.91 4.77 
1.56 4.67 7.97 8.97 6.28 9.77 7.19 1.31 1.40 5.71 
Matriz C:
312.83 248.64 210.32 236.39 293.58 287.01 297.61 280.43 285.10 305.27 
295.32 325.40 259.93 309.44 345.47 352.94 370.54 263.20 338.30 337.85 
252.23 238.95 251.62 240.24 305.01 290.03 257.49 235.66 208.66 289.66 
279.96 271.18 210.99 245.88 343.83 243.48 280.21 256.69 255.81 340.89 
296.79 306.60 266.87 271.00 360.12 289.60 326.01 268.44 291.64 360.66 
330.57 330.60 240.83 320.33 363.00 332.37 354.87 276.10 325.10 370.79 
370.00 344.77 336.27 331.85 419.15 393.55 373.50 342.54 305.93 419.56 
405.33 356.36 267.88 303.13 385.20 371.75 365.94 352.89 369.00 390.36 
227.27 233.66 210.71 227.42 293.56 226.70 262.45 203.89 224.69 291.21 
236.02 299.34 229.71 272.43 303.22 321.04 329.98 250.31 275.24 286.20 
Vetor V:
3006.33
2955.48
2485.11
2758.11
3412.14
3108.46
3218.59
2730.17
2879.46
3392.46
E: 29946.32
================================
================================
Entrada: input_4.txt
Matriz A:
4.08 1.96 3.49 2.75 5.46 2.88 8.02 3.81 8.74 3.76 
9.93 4.31 1.48 3.03 9.27 3.23 8.59 4.92 3.73 4.50 
8.69 4.29 8.17 6.66 3.25 4.46 6.43 9.44 4.77 6.83 
5.15 7.85 7.79 7.64 9.60 3.25 9.53 7.62 6.06 8.27 
1.38 5.99 2.57 1.86 8.03 1.85 4.09 6.61 5.77 6.82 
1.11 4.46 1.11 8.28 1.12 3.36 2.74 6.54 2.80 6.51 
3.37 6.95 4.36 1.16 4.59 3.96 3.42 4.12 1.58 8.48 
2.39 1.97 4.47 3.96 2.83 2.50 4.81 5.92 8.11 9.57 
2.74 8.22 4.03 2.84 6.51 4.15 5.20 8.25 9.69 7.00 
4.75 3.06 3.95 8.11 3.22 7.55 2.07 5.64 1.67 2.65 
Matriz B:
4.12 3.05 3.62 7.59 6.01 5.45 9.09 9.82 1.37 7.20 
9.39 3.10 5.42 3.42 4.95 1.93 6.57 9.15 9.18 6.26 
6.15 3.93 8.32 9.10 2.04 1.54 6.65 3.11 6.18 7.31 
4.76 9.29 9.37 7.38 6.89 5.38 2.83 5.98 5.20 3.20 
3.18 4.59 5.30 7.60 7.02 9.25 8.53 3.59 8.40 7.71 
8.84 4.55 1.64 7.16 3.65 2.68 7.70 9.30 4.79 3.88 
6.61 8.55 3.17 5.98 5.94 9.06 1.36 7.77 5.04 5.56 
9.97 7.21 9.15 5.27 4.81 6.17 4.52 3.34 8.76 2.92 
1.05 7.60 6.47 1.69 4.76 9.13 3.37 2.47 8.43 7.16 
5.34 5.04 5.71 7.52 1.02 1.65 6.57 1.38 8.42 1.61 
Matriz C:
232.84 277.36 252.16 262.93 220.53 286.58 231.99 233.50 298.24 253.58 
296.72 294.80 276.52 336.96 278.81 325.08 317.00 321.59 327.14 299.07 
385.89 362.71 386.25 408.38 288.38 317.39 354.78 345.67 397.89 321.29 
427.95 424.64 440.16 459.02 348.14 396.16 400.88 382.88 498.70 386.18 
263.89 256.29 271.59 262.68 209.64 254.05 256.69 211.03 343.33 235.60 
246.97 243.59 250.27 231.99 175.89 181.76 191.13 198.98 267.40 157.05 
271.71 212.51 235.02 269.43 174.52 182.63 262.53 226.43 296.97 210.12 
256.22 285.79 289.26 279.82 194.92 247.83 242.50 202.87 330.37 223.91 
348.34 337.69 350.56 329.32 269.63 321.66 324.24 295.16 432.55 309.68 
274.00 248.38 256.19 285.70 207.87 204.70 249.45 259.90 260.62 206.50 
Vetor V:
3004.55
2943.78
3007.96
3126.22
2368.33
2717.84
2831.18
2678.01
3453.22
2602.98
E: 28734.07
================================
