================================
Entrada: input_0.txt
Matriz A:
5.09 6.66 8.69 5.58 5.96 6.56 1.50 9.68 2.36 2.68 
8.98 1.26 8.78 3.72 8.44 3.42 3.19 9.19 4.59 5.60 
5.56 4.25 4.64 9.39 7.18 9.07 3.60 7.26 2.24 3.84 
7.76 6.33 9.50 6.45 1.91 5.46 3.01 2.41 5.15 4.37 
4.09 4.13 4.63 2.87 6.85 3.07 5.29 9.04 2.25 8.89 
4.64 6.82 3.13 8.28 6.21 9.31 7.35 8.82 6.57 8.60 
2.66 4.32 4.93 2.16 9.77 5.84 6.62 2.78 7.26 1.77 
6.16 1.34 4.90 9.79 3.22 1.75 2.85 7.51 9.78 4.11 
6.40 4.42 9.93 8.53 2.70 6.14 7.84 9.06 4.96 4.41 
7.65 6.62 7.73 2.59 7.78 7.50 7.43 4.40 9.29 4.68 
Matriz B:
5.17 5.44 5.03 9.07 5.23 7.25 9.81 7.09 4.76 9.60 
1.19 1.15 4.02 1.12 8.68 5.72 6.26 6.53 4.78 1.22 
9.93 2.43 6.84 7.67 4.02 4.61 5.17 1.45 8.01 4.46 
5.13 3.18 8.90 9.16 2.24 4.13 6.41 2.05 1.22 1.16 
1.65 1.42 1.31 4.67 1.54 9.00 9.39 6.80 5.52 4.17 
7.02 5.46 5.61 3.86 3.12 8.62 7.47 7.29 9.07 5.48 
1.75 4.20 7.66 9.65 3.36 8.90 3.79 8.77 9.95 4.01 
8.93 1.60 4.42 9.25 5.27 4.96 8.24 4.67 1.76 3.77 
7.84 7.78 8.22 3.44 1.64 1.35 2.07 8.11 7.64 1.14 
3.59 8.39 4.34 1.24 8.04 6.71 9.14 1.82 5.48 9.10 
Matriz C:
322.23 181.12 291.39 340.00 242.98 330.82 392.12 274.35 289.55 232.61 
335.87 224.92 300.73 375.42 236.90 351.34 418.52 292.89 314.91 288.79 
306.05 212.37 315.39 359.69 229.91 364.43 413.70 298.73 304.06 249.10 
299.41 218.84 315.00 313.89 234.54 302.17 346.80 263.51 308.71 236.75 
259.15 202.64 258.14 300.80 242.99 329.20 376.02 260.56 279.91 252.43 
355.27 294.92 392.84 400.29 304.30 433.16 478.06 383.63 394.56 301.82 
235.73 187.63 259.61 271.50 172.36 308.30 307.04 300.80 318.26 189.45 
313.40 226.78 324.31 342.13 194.13 262.81 330.71 261.11 259.38 205.29 
377.61 251.53 391.79 435.60 271.86 380.92 422.63 328.56 368.15 277.30 
344.89 278.03 366.32 375.26 270.74 406.23 428.55 391.13 422.40 292.10 
Vetor V:
3149.62
2278.78
3215.52
3514.57
2400.72
3469.37
3914.15
3055.27
3259.89
2525.63
E: 30783.52
================================
================================
Entrada: input_1.txt
Matriz A:
4.83 4.41 9.70 8.25 3.65 4.98 3.21 1.90 8.64 3.97 
4.67 6.48 1.75 2.89 8.92 2.39 3.24 9.99 9.50 9.88 
1.13 3.08 8.26 4.47 3.33 6.30 1.18 2.47 7.13 5.65 
1.56 1.96 9.06 1.26 9.21 2.72 5.24 2.42 3.61 3.88 
5.39 7.28 9.36 6.15 9.17 8.29 7.54 2.41 8.28 7.03 
2.28 8.41 9.12 9.55 2.88 2.45 5.85 3.06 3.91 2.98 
7.71 4.48 3.93 6.78 4.74 3.15 8.49 8.98 4.57 2.11 
2.86 8.96 8.39 2.22 5.11 7.56 9.51 2.65 8.97 7.79 
8.68 1.25 6.20 7.80 9.80 8.08 9.24 5.65 1.14 3.16 
7.62 7.86 6.63 1.56 4.63 1.38 3.70 3.13 9.36 7.27 
Matriz B:
4.23 2.22 6.23 2.62 3.44 1.34 9.18 2.95 2.99 8.15 
9.74 1.67 8.40 5.94 8.47 8.19 4.02 7.72 3.84 4.16 
9.87 1.46 2.02 6.51 2.02 5.65 6.88 4.73 7.78 6.24 
2.00 2.01 7.46 7.23 3.63 9.90 7.58 2.81 2.85 9.57 
9.95 2.59 1.24 8.35 7.53 8.71 6.54 1.55 6.43 9.39 
4.71 6.30 9.85 5.73 2.81 1.87 1.38 8.69 5.60 8.16 
4.93 6.60 9.17 2.39 3.83 2.80 2.29 1.41 4.61 4.13 
9.97 4.56 5.72 1.21 2.91 3.25 8.92 8.46 3.79 5.35 
7.84 7.50 1.65 7.69 3.23 3.46 8.56 3.61 2.15 4.16 
1.77 6.08 9.76 9.94 7.47 3.59 2.74 8.76 4.00 6.35 
Matriz C:
344.93 208.45 295.16 336.53 220.37 279.48 331.22 252.86 238.17 356.68 
413.47 265.97 342.18 362.28 304.83 289.87 369.42 324.72 244.18 375.94 
284.39 183.89 240.99 288.05 182.61 214.73 245.19 236.44 201.63 282.65 
307.21 159.77 197.81 258.09 189.59 216.07 233.19 178.92 217.33 272.38 
467.24 291.72 417.75 441.32 328.93 358.82 390.07 342.40 329.62 468.35 
336.15 174.52 308.90 299.81 226.94 298.22 294.42 241.73 228.41 324.63 
361.55 220.17 338.44 266.32 230.73 259.87 347.01 252.61 229.71 356.61 
430.49 288.38 400.59 389.72 301.76 299.48 324.22 333.60 294.08 384.09 
377.67 236.88 376.80 324.15 256.90 294.11 351.70 264.53 288.58 440.43 
365.61 216.64 296.09 324.53 258.40 249.41 327.61 267.24 224.62 322.97 
Vetor V:
3688.71
2246.39
3214.71
3290.80
2501.06
2760.07
3214.05
2695.07
2496.34
3584.71
E: 29691.90
================================
================================
Entrada: input_2.txt
Matriz A:
2.89 3.97 9.92 7.61 4.18 2.83 9.86 3.10 1.29 3.65 
7.45 8.13 1.15 8.10 5.82 3.39 1.56 4.39 6.00 2.71 
7.55 6.77 7.79 7.31 6.72 5.27 9.90 8.46 4.03 3.90 
4.82 5.92 6.87 4.73 3.53 1.05 6.56 3.39 3.15 6.85 
6.04 9.60 4.98 6.19 7.71 9.80 8.58 8.27 4.19 4.58 
9.98 1.74 1.35 7.77 8.05 7.07 3.04 7.95 5.53 6.07 
1.85 9.35 1.98 7.71 4.08 4.51 7.76 9.64 6.90 9.91 
6.49 2.94 9.51 1.47 8.13 7.22 1.27 6.71 5.49 4.46 
1.29 5.46 5.21 1.64 3.24 3.26 7.71 5.28 1.21 3.25 
1.34 2.06 2.60 2.32 8.77 5.68 5.84 6.53 5.32 2.74 
Matriz B:
6.44 1.81 4.68 5.96 2.29 2.81 3.18 2.56 8.52 7.66 
6.02 8.81 3.13 1.23 9.46 5.36 3.49 7.17 9.64 3.70 
9.42 9.98 4.75 2.02 2.30 3.52 6.70 7.14 9.06 2.02 
8.87 5.50 2.84 3.55 1.45 4.12 5.36 3.63 5.68 3.89 
1.29 1.70 2.70 3.42 1.93 2.16 7.79 4.42 8.33 7.42 
7.12 7.75 7.40 1.87 8.77 8.70 4.39 5.47 5.84 3.45 
6.49 4.72 7.95 8.33 7.27 8.40 2.45 2.63 2.03 7.13 
5.52 2.32 7.83 7.22 4.75 8.77 8.37 2.53 3.19 6.70 
8.96 9.30 4.45 6.36 1.17 3.22 5.06 4.57 7.68 9.90 
7.02 4.17 4.62 4.96 2.50 1.89 3.36 3.95 3.52 4.39 
Matriz C:
347.28 291.05 252.18 219.57 207.95 250.38 244.18 222.36 300.00 247.11 
318.39 261.95 215.58 208.02 195.31 220.04 243.44 212.58 339.34 287.69 
448.23 363.62 352.33 316.37 295.66 353.11 343.06 289.82 420.20 379.38 
322.98 266.28 228.81 213.84 190.33 213.63 222.88 209.64 295.22 251.66 
449.26 386.06 365.66 305.08 343.91 380.12 349.17 310.73 437.84 385.11 
372.88 267.61 293.75 280.68 212.73 277.57 304.61 227.48 361.88 356.29 
427.58 354.26 327.28 303.56 290.90 332.77 312.60 272.08 362.33 360.32 
349.79 301.64 271.97 224.09 204.37 249.52 299.56 249.38 369.88 298.70 
245.03 215.67 208.44 174.09 194.48 214.46 186.53 169.76 219.40 198.87 
258.71 221.83 231.26 207.84 185.19 230.51 239.65 182.03 257.42 266.92 
Vetor V:
3540.13
2929.98
2747.25
2453.16
2320.84
2722.11
2745.68
2345.86
3363.51
3032.07
E: 28200.59
================================
================================
Entrada: input_3.txt
Matriz A:
1.08 8.03 5.72 7.91 5.25 9.46 6.68 3.62 1.99 8.87 
9.32 9.95 8.17 3.77 6.31 8.35 5.99 1.37 2.91 3.67 
1.27 8.93 6.84 4.89 3.90 8.34 5.78 6.26 2.29 8.30 
9.65 2.37 6.33 5.37 9.28 1.58 4.83 5.96 4.20 5.83 
4.83 3.52 5.78 3.00 6.29 2.08 1.35 2.28 2.45 3.26 
4.95 2.73 2.19 1.79 6.62 5.09 9.14 2.40 1.35 1.43 
9.70 10.00 2.79 6.03 5.37 2.07 6.60 9.20 7.03 9.80 
5.02 1.86 3.32 9.80 3.86 8.60 1.88 4.21 9.88 3.34 
6.47 4.83 5.06 7.66 5.62 1.68 2.75 4.75 3.08 3.10 
5.18 2.78 3.10 6.97 7.81 7.46 8.05 4.41 6.66 5.08 
Matriz B:
4.21 1.68 5.94 6.52 1.48 8.80 5.13 2.37 3.01 5.01 
4.70 8.49 8.83 8.77 6.15 4.45 9.45 7.90 8.21 2.53 
10.00 3.39 4.31 3.10 9.36 2.12 9.56 7.41 5.53 6.22 
2.49 8.73 6.90 7.43 5.26 7.39 6.23 9.38 8.76 8.25 
4.39 3.46 6.73 3.22 2.23 2.88 6.67 1.68 9.78 4.88 
3.21 9.78 7.27 6.53 2.88 6.63 7.64 2.44 4.03 3.17 
7.66 5.52 1.91 4.56 2.95 6.16 1.95 8.18 5.55 9.71 
6.43 8.94 3.17 3.16 2.16 4.40 5.04 7.83 5.08 4.82 
2.71 7.29 4.60 8.98 3.81 6.48 5.61 1.46 7.92 8.64 
3.63 5.58 4.16 4.54 9.14 6.10 9.70 1.09 4.28 5.25 
Matriz C:
284.63 402.36 330.95 332.69 301.26 317.74 421.15 310.04 368.76 328.24 
307.49 351.24 352.05 350.65 274.67 329.18 419.82 295.54 362.27 320.23 
292.65 389.76 312.44 315.54 294.42 296.70 412.67 305.70 347.09 306.97 
282.11 295.33 288.22 288.47 238.01 304.53 359.41 256.98 342.98 330.83 
179.91 189.78 197.47 186.57 166.73 178.61 249.32 161.89 224.01 193.48 
199.72 216.96 194.08 198.74 133.81 210.73 217.69 186.94 230.09 228.03 
325.31 426.73 365.61 401.99 307.32 396.00 453.87 340.27 421.40 394.38 
212.40 357.17 292.95 326.50 217.68 314.55 340.28 236.99 331.36 318.90 
220.88 269.17 253.15 255.49 202.75 249.80 301.90 243.94 293.00 264.54 
267.97 364.40 304.69 326.93 234.42 331.12 359.55 269.55 364.63 355.16 
Vetor V:
2573.09
3262.91
2891.62
2983.55
2371.07
2928.94
3535.67
2607.85
3285.59
3040.76
E: 29481.04
================================
================================
Entrada: input_4.txt
Matriz A:
9.80 9.71 4.18 2.97 2.87 5.34 6.37 6.91 3.18 1.45 
1.73 4.89 7.74 5.34 3.87 1.55 1.82 8.48 2.01 8.74 
7.12 4.64 4.32 1.27 8.18 3.46 6.38 7.88 3.55 9.66 
3.13 3.36 9.37 6.31 5.33 2.24 1.66 1.70 8.15 3.84 
2.14 8.89 7.73 8.88 4.23 1.60 9.43 5.05 9.08 1.44 
3.79 6.20 5.08 7.11 6.47 3.26 9.57 2.85 1.14 3.12 
2.51 3.27 5.48 1.88 8.59 9.81 3.12 9.24 1.50 1.28 
3.08 2.65 9.17 9.81 1.53 3.39 1.41 9.96 7.44 9.50 
1.40 1.23 5.69 5.48 7.33 2.16 7.74 6.90 4.01 7.89 
9.02 5.51 1.16 4.50 6.39 8.74 4.31 8.52 7.99 4.81 
Matriz B:
8.80 1.07 6.46 7.96 9.88 6.99 1.35 1.29 6.95 7.79 
9.79 7.34 8.02 5.48 2.82 5.35 6.64 9.57 2.25 9.65 
7.45 1.27 5.16 7.61 4.78 1.55 6.36 8.09 9.07 4.34 
2.90 7.86 4.41 8.36 5.83 4.29 5.35 6.18 4.58 2.30 
3.97 4.37 8.64 1.99 8.85 1.47 6.34 5.49 1.03 7.59 
5.14 7.49 7.86 9.30 5.10 2.64 9.85 1.46 9.73 8.92 
4.80 2.63 6.78 8.21 9.99 2.60 2.50 5.34 7.78 6.08 
6.64 1.76 9.45 5.28 2.74 8.30 5.75 8.08 3.79 5.78 
5.67 7.92 3.27 3.54 7.22 7.38 5.18 7.07 7.83 4.91 
5.98 2.63 6.54 2.76 9.84 6.53 4.37 2.34 1.87 2.15 
Matriz C:
363.06 220.86 370.99 347.27 333.93 264.84 269.44 297.01 299.75 361.83 
288.28 176.68 315.71 257.18 283.10 229.96 254.32 281.06 215.13 238.48 
355.05 202.98 401.48 307.27 407.54 279.17 282.50 291.79 272.38 337.40 
269.65 211.58 266.08 260.88 298.44 198.84 248.67 272.73 260.84 240.61 
353.11 287.02 364.06 362.31 368.30 265.89 307.11 389.54 331.88 337.01 
284.94 212.01 329.25 311.70 336.89 193.48 249.61 279.03 257.33 292.90 
277.39 199.15 352.08 286.89 277.14 194.36 295.39 256.89 260.85 314.41 
345.21 248.72 361.73 342.13 358.33 306.48 316.50 340.33 314.77 276.88 
275.73 194.05 335.14 277.62 355.15 223.68 257.59 280.77 250.29 258.57 
376.63 282.59 419.52 364.37 408.98 318.40 328.99 309.00 335.22 390.31 
Vetor V:
3189.06
2235.64
3516.04
3117.62
3427.80
2475.09
2810.12
2998.15
2798.43
3048.40
E: 29616.34
================================
